{"skeleton":[{"name":"root","parent":"root","initpos":[0.0,0.0,-0.0],"initquaternion":[0.707106,0.707106,0.0,-0.0],"initscale":[0.999999,0.999999,0.999999],"offmtx":[[1.0,0.0,0.0,0.0],[0.0,1.0,0.0,0.0],[0.0,0.0,1.0,0.0]],"boundingbox":[[0.0,0.0,0.0],[0.0,0.0,0.0]]},{"name":"up.bind","parent":"root","initpos":[13.596127,-0.0,-0.522303],"initquaternion":[0.0,0.0,0.0,1.0],"initscale":[1.0,1.0,1.0],"offmtx":[[0.0,1.0,0.0,-13.596127],[1.0,-0.0,0.0,0.0],[0.0,-0.0,-1.0,0.522303]],"boundingbox":[[-0.064693,-0.064691,-0.064691],[0.06469,0.064691,0.064692]]},{"name":"body","parent":"up.bind","initpos":[0.0,0.0,-0.0],"initquaternion":[0.707106,-0.0,0.707106,0.0],"initscale":[0.999999,0.999999,0.999999],"offmtx":[[0.0,0.0,-1.0,0.522303],[-1.0,0.0,-0.0,-0.0],[0.0,1.0,0.0,-13.596127]],"boundingbox":[[-1.363738,-3.133246,-0.716009],[1.818345,3.133246,9.053124]]},{"name":"chest","parent":"body","initpos":[0.0,0.0,4.732207],"initquaternion":[0.0,0.0,0.0,1.0],"initscale":[1.0,1.0,1.0],"offmtx":[[1.0,0.0,0.0,0.0],[0.0,1.0,0.0,0.0],[0.0,0.0,1.0,0.0]],"boundingbox":[[0.0,0.0,0.0],[0.0,0.0,0.0]]},{"name":"shoulder.R","parent":"chest","initpos":[0.0,0.0,3.910303],"initquaternion":[-0.78052,-0.015891,-0.016364,0.624713],"initscale":[0.999999,1.0,1.0],"offmtx":[[1.0,0.0,0.0,0.0],[0.0,1.0,0.0,0.0],[0.0,0.0,1.0,0.0]],"boundingbox":[[0.0,0.0,0.0],[0.0,0.0,0.0]]},{"name":"arm.R","parent":"shoulder.R","initpos":[0.000012,0.00001,3.051291],"initquaternion":[-0.493951,-0.036329,0.006126,0.868708],"initscale":[1.0,0.999999,0.999999],"offmtx":[[-0.049841,-0.012572,-0.998677,0.627077],[0.949787,-0.309857,-0.043501,9.533498],[-0.3089,-0.9507,0.027385,19.57369]],"boundingbox":[[-1.282963,-1.104104,-0.943971],[1.416271,1.109987,4.979249]]},{"name":"forearm.R","parent":"arm.R","initpos":[-0.000001,-0.000002,4.53665],"initquaternion":[-0.001158,0.027362,0.001195,0.999624],"initscale":[0.999999,1.0,1.0],"offmtx":[[-0.030659,0.038735,-0.998779,-0.174317],[0.950599,-0.307683,-0.041112,9.498046],[-0.3089,-0.950699,-0.027388,15.071489]],"boundingbox":[[-1.301114,-1.102179,-0.442575],[1.413899,1.106808,5.394776]]},{"name":"hand.R","parent":"forearm.R","initpos":[-0.000001,-0.000003,4.536329],"initquaternion":[0.033704,-0.012296,-0.0,0.999356],"initscale":[1.0,0.999999,1.0],"offmtx":[[-0.03903,0.015612,-0.999116,0.076797],[0.927656,-0.371062,-0.042036,10.186333],[-0.37139,-0.928476,-0.0,9.872472]],"boundingbox":[[-1.282112,-1.045398,0.753368],[1.277506,1.154671,0.892757]]},{"name":"chest.bind","parent":"chest","initpos":[0.0,0.0,3.910303],"initquaternion":[0.707106,-0.0,0.707106,0.0],"initscale":[0.999999,0.999999,0.999999],"offmtx":[[0.0,1.0,0.0,-22.238639],[1.0,-0.0,0.0,0.0],[0.0,-0.0,-1.0,0.522303]],"boundingbox":[[-0.064695,-0.064691,-0.064691],[0.064687,0.064691,0.064692]]},{"name":"neck","parent":"chest","initpos":[0.0,0.0,3.910303],"initquaternion":[0.0,0.0,0.0,1.0],"initscale":[1.0,1.0,1.0],"offmtx":[[0.0,0.0,-1.0,0.522303],[-1.0,0.0,-0.0,-0.0],[0.0,1.0,0.0,-22.238639]],"boundingbox":[[-1.198819,-1.236807,-0.000007],[1.274796,1.236808,1.649066]]},{"name":"head","parent":"neck","initpos":[0.0,0.0,1.649071],"initquaternion":[0.0,0.0,0.0,1.0],"initscale":[1.0,1.0,1.0],"offmtx":[[0.0,0.0,-1.0,0.522303],[-1.0,0.0,-0.0,-0.0],[0.0,1.0,0.0,-23.88771]],"boundingbox":[[-2.868517,-5.95289,-0.906995],[2.903253,5.95289,4.163913]]},{"name":"head.bind","parent":"head","initpos":[0.0,0.0,-0.0],"initquaternion":[0.707106,-0.0,0.707106,0.0],"initscale":[0.999999,0.999999,0.999999],"offmtx":[[0.0,1.0,0.0,-23.88771],[1.0,-0.0,0.0,0.0],[0.0,-0.0,-1.0,0.522303]],"boundingbox":[[-0.064687,-0.064691,-0.064691],[0.064695,0.064691,0.064692]]},{"name":"shoulder.L","parent":"chest","initpos":[0.0,0.0,3.910303],"initquaternion":[0.78052,-0.015891,0.016364,0.624713],"initscale":[0.999999,1.0,1.0],"offmtx":[[1.0,0.0,0.0,0.0],[0.0,1.0,0.0,0.0],[0.0,0.0,1.0,0.0]],"boundingbox":[[0.0,0.0,0.0],[0.0,0.0,0.0]]},{"name":"arm.L","parent":"shoulder.L","initpos":[0.000012,-0.00001,3.051291],"initquaternion":[0.493951,-0.036329,-0.006126,0.868708],"initscale":[1.0,0.999999,0.999999],"offmtx":[[0.049841,-0.012572,-0.998677,0.627077],[0.949787,0.309857,0.043501,-9.533498],[0.3089,-0.9507,0.027385,19.57369]],"boundingbox":[[-1.282963,-1.109985,-0.943971],[1.416268,1.104103,4.979249]]},{"name":"forearm.L","parent":"arm.L","initpos":[-0.000001,0.000002,4.53665],"initquaternion":[0.001158,0.027362,-0.001195,0.999624],"initscale":[0.999999,1.0,1.0],"offmtx":[[0.030659,0.038735,-0.998779,-0.174317],[0.950599,0.307683,0.041112,-9.498046],[0.3089,-0.950699,-0.027388,15.071489]],"boundingbox":[[-1.301115,-1.106808,-0.442576],[1.413897,1.102178,5.394777]]},{"name":"hand.L","parent":"forearm.L","initpos":[-0.000001,0.000003,4.536329],"initquaternion":[-0.033704,-0.012296,0.0,0.999356],"initscale":[1.0,0.999999,1.0],"offmtx":[[0.03903,0.015612,-0.999116,0.076797],[0.927656,0.371062,0.042036,-10.186333],[0.37139,-0.928476,-0.0,9.872472]],"boundingbox":[[-1.282114,-1.154669,0.753369],[1.277504,1.045399,0.892759]]},{"name":"down.bind","parent":"root","initpos":[13.596127,-0.0,-0.522303],"initquaternion":[0.0,0.0,0.0,1.0],"initscale":[1.0,1.0,1.0],"offmtx":[[1.0,0.0,0.0,0.0],[0.0,1.0,0.0,0.0],[0.0,0.0,1.0,0.0]],"boundingbox":[[0.0,0.0,0.0],[0.0,0.0,0.0]]},{"name":"leg.R","parent":"down.bind","initpos":[-0.633552,-1.764511,0.182272],"initquaternion":[0.00166,-0.695569,-0.001714,0.718454],"initscale":[1.0,1.0,0.999999],"offmtx":[[-0.004772,0.032358,-0.999464,-0.088027],[0.999988,0.000153,-0.00477,1.764117],[-4.515313207775762e-7,-0.999476,-0.032359,12.966794]],"boundingbox":[[-1.516005,-1.128567,-0.042688],[1.323914,1.127652,5.976263]]},{"name":"calves.R","parent":"leg.R","initpos":[0.000004,0.000002,5.659301],"initquaternion":[0.000146,-0.030756,-4.947181082570751e-7,0.999526],"initscale":[1.0,0.999999,1.0],"offmtx":[[-0.004773,-0.029153,-0.999563,0.361409],[0.999988,-0.000138,-0.004771,1.766255],[1.8280100277934253e-7,-0.999574,0.029154,7.29856]],"boundingbox":[[-1.581115,-1.112392,-0.311424],[1.233873,1.110733,5.493606]]},{"name":"foot.R","parent":"calves.R","initpos":[-0.000002,-0.000001,6.281533],"initquaternion":[-0.003424,0.717332,-2.6015885623564829e-7,0.696722],"initscale":[1.0,1.0,0.999999],"offmtx":[[-0.004774,0.999988,0.0,-1.035789],[0.999988,0.004774,-0.0,1.759585],[-0.0,-0.0,-1.0,0.340031]],"boundingbox":[[-1.032645,-1.110593,-1.386033],[0.999672,1.110434,2.078677]]},{"name":"leg.L","parent":"down.bind","initpos":[-0.633552,1.764511,0.182272],"initquaternion":[-0.00166,-0.695569,0.001714,0.718454],"initscale":[1.0,1.0,0.999999],"offmtx":[[0.004772,0.032358,-0.999464,-0.088027],[0.999988,-0.000153,0.00477,-1.764117],[4.515313207775762e-7,-0.999476,-0.032359,12.966794]],"boundingbox":[[-1.516005,-1.127652,-0.042688],[1.323913,1.128567,5.976263]]},{"name":"calves.L","parent":"leg.L","initpos":[0.000004,-0.000002,5.659301],"initquaternion":[-0.000146,-0.030756,4.947181082570751e-7,0.999526],"initscale":[1.0,0.999999,1.0],"offmtx":[[0.004773,-0.029153,-0.999563,0.361409],[0.999988,0.000138,0.004771,-1.766255],[-1.8280100277934253e-7,-0.999574,0.029154,7.29856]],"boundingbox":[[-1.581115,-1.110732,-0.311423],[1.233872,1.112391,5.493606]]},{"name":"foot.L","parent":"calves.L","initpos":[-0.000002,0.000001,6.281533],"initquaternion":[0.003424,0.717332,2.6015885623564829e-7,0.696722],"initscale":[1.0,1.0,0.999999],"offmtx":[[0.004774,0.999988,0.0,-1.035789],[0.999988,-0.004774,0.0,-1.759585],[0.0,-0.0,-1.0,0.340031]],"boundingbox":[[-1.032645,-1.110434,-1.386034],[0.999672,1.110593,2.078676]]}],"boundingbox":[[-7.034605,-0.000001,-2.380949],[7.034605,28.051624,3.390821]]}