{"skeleton":[{"name":"RootNode","parent":"RootNode","initpos":[0.0,0.0,-0.0],"initquaternion":[0.0,0.0,0.0,1.0],"initscale":[1.0,1.0,1.0],"offmtx":[[1.0,0.0,0.0,0.0],[0.0,1.0,0.0,0.0],[0.0,0.0,1.0,0.0]],"boundingbox":[[0.0,0.0,0.0],[0.0,0.0,0.0]]},{"name":"body","parent":"RootNode","initpos":[0.0,13.596128,0.522303],"initquaternion":[0.0,0.0,0.0,1.0],"initscale":[1.0,0.999999,0.999999],"offmtx":[[1.0,0.0,0.0,0.0],[0.0,1.0,0.0,-13.596128],[0.0,-0.0,1.0,-0.522303]],"boundingbox":[[-3.133246,-0.71601,-1.818345],[3.133246,9.053123,1.363738]]},{"name":"chest","parent":"body","initpos":[0.0,4.732208,-0.0],"initquaternion":[0.0,0.0,0.0,1.0],"initscale":[1.0,1.0,1.0],"offmtx":[[1.0,0.0,0.0,0.0],[0.0,1.0,0.0,0.0],[0.0,0.0,1.0,0.0]],"boundingbox":[[0.0,0.0,0.0],[0.0,0.0,0.0]]},{"name":"neck","parent":"chest","initpos":[0.0,3.910304,-0.0],"initquaternion":[0.0,0.0,0.0,1.0],"initscale":[1.0,1.0,1.0],"offmtx":[[1.0,0.0,0.0,0.0],[0.0,1.0,0.0,-22.238639],[0.0,-0.0,1.0,-0.522303]],"boundingbox":[[-1.236808,-0.000007,-1.274796],[1.236807,1.649066,1.198819]]},{"name":"head","parent":"neck","initpos":[0.0,1.649071,-0.0],"initquaternion":[0.0,0.0,0.0,1.0],"initscale":[1.0,1.0,1.0],"offmtx":[[1.0,0.0,0.0,0.0],[0.0,1.0,0.0,-23.887712],[0.0,-0.0,1.0,-0.522303]],"boundingbox":[[-5.95289,-0.906997,-2.903253],[5.95289,4.163911,2.868517]]},{"name":"shoulder.L","parent":"chest","initpos":[0.0,3.910304,-0.0],"initquaternion":[0.015892,0.016363,-0.78052,0.624713],"initscale":[1.0,1.0,0.999999],"offmtx":[[1.0,0.0,0.0,0.0],[0.0,1.0,0.0,0.0],[0.0,0.0,1.0,0.0]],"boundingbox":[[0.0,0.0,0.0],[0.0,0.0,0.0]]},{"name":"arm.L","parent":"shoulder.L","initpos":[0.000012,3.051291,-0.000018],"initquaternion":[0.036328,-0.006127,-0.493952,0.868708],"initscale":[0.999999,0.999999,1.0],"offmtx":[[-0.949787,-0.309857,-0.0435,9.533498],[0.3089,-0.9507,0.027385,19.57369],[-0.04984,0.012572,0.998677,-0.62708]],"boundingbox":[[-1.104102,-0.943969,-1.416266],[1.109984,4.979249,1.282963]]},{"name":"forearm.L","parent":"arm.L","initpos":[-0.000002,4.53665,0.000002],"initquaternion":[-0.027362,-0.001194,-0.001158,0.999624],"initscale":[1.0,1.0,0.999999],"offmtx":[[-0.9506,-0.307683,-0.041113,9.498047],[0.3089,-0.950699,-0.027388,15.071491],[-0.030659,-0.038735,0.998779,0.174318]],"boundingbox":[[-1.10218,-0.442577,-1.413898],[1.106809,5.394776,1.301115]]},{"name":"hand.L","parent":"forearm.L","initpos":[-0.000003,4.53633,0.000001],"initquaternion":[-0.53046,0.549239,-0.467561,-0.445347],"initscale":[1.0,0.999999,1.0],"offmtx":[[-0.043007,0.132363,0.990267,-1.964874],[0.951056,0.30902,-1.4528630742915994e-7,-9.497226],[-0.306012,0.941799,-0.139175,-10.352536]],"boundingbox":[[-1.339567,-1.051282,-0.988985],[1.109974,1.051284,-0.644717]]},{"name":"shoulder.R","parent":"chest","initpos":[0.0,3.910304,-0.0],"initquaternion":[0.015892,-0.016363,0.78052,0.624713],"initscale":[1.0,1.0,0.999999],"offmtx":[[1.0,0.0,0.0,0.0],[0.0,1.0,0.0,0.0],[0.0,0.0,1.0,0.0]],"boundingbox":[[0.0,0.0,0.0],[0.0,0.0,0.0]]},{"name":"arm.R","parent":"shoulder.R","initpos":[-0.000012,3.051291,-0.000018],"initquaternion":[0.036328,0.006127,0.493952,0.868708],"initscale":[0.999999,0.999999,1.0],"offmtx":[[-0.949787,0.309857,0.0435,-9.533498],[-0.3089,-0.9507,0.027385,19.57369],[0.04984,0.012572,0.998677,-0.62708]],"boundingbox":[[-1.109984,-0.943969,-1.416268],[1.104103,4.979249,1.282962]]},{"name":"forearm.R","parent":"arm.R","initpos":[0.000002,4.53665,0.000002],"initquaternion":[-0.027362,0.001194,0.001158,0.999624],"initscale":[1.0,1.0,0.999999],"offmtx":[[-0.9506,0.307683,0.041113,-9.498047],[-0.3089,-0.950699,-0.027388,15.071491],[0.030659,-0.038735,0.998779,0.174318]],"boundingbox":[[-1.106809,-0.442577,-1.413899],[1.10218,5.394775,1.301114]]},{"name":"hand.R","parent":"forearm.R","initpos":[0.000003,4.53633,0.000001],"initquaternion":[0.52518,-0.505261,0.473482,0.494681],"initscale":[0.999999,0.999999,1.0],"offmtx":[[0.010784,0.033194,0.999391,-0.871985],[0.951057,-0.309015,0.000001,9.497167],[0.308826,0.950477,-0.034901,-10.501259]],"boundingbox":[[-1.264842,-1.051288,-0.86755],[1.23606,1.051281,0.043175]]},{"name":"leg.L","parent":"RootNode","initpos":[1.764512,12.962575,0.340032],"initquaternion":[-0.002386,-0.016181,0.999866,0.000038],"initscale":[1.0,0.999999,1.0],"offmtx":[[-0.999988,0.000153,-0.00477,1.764117],[4.671891815632989e-7,-0.999476,-0.032359,12.966794],[-0.004773,-0.032358,0.999464,0.088028]],"boundingbox":[[-1.128567,-0.042688,-1.323913],[1.127652,5.976263,1.516005]]},{"name":"calves.L","parent":"leg.L","initpos":[0.000002,5.659301,-0.000004],"initquaternion":[0.030756,2.6511600026424278e-7,0.000146,0.999526],"initscale":[0.999999,1.0,1.0],"offmtx":[[-0.999988,-0.000138,-0.004771,1.766255],[-1.8349948049944943e-7,-0.999574,0.029154,7.298559],[-0.004774,0.029153,0.999563,-0.361409]],"boundingbox":[[-1.112391,-0.311423,-1.233872],[1.110732,5.493605,1.581115]]},{"name":"foot.L","parent":"calves.L","initpos":[-0.000001,6.281533,0.000002],"initquaternion":[-0.717332,2.7486279918775838e-7,-0.003424,0.696722],"initscale":[0.999999,0.999999,1.0],"offmtx":[[-0.999988,0.004774,0.0,1.759585],[-0.0,-0.0,-1.0,0.340032],[-0.004774,-0.999988,0.0,1.035789]],"boundingbox":[[-1.110593,-1.386034,-0.999672],[1.110435,2.078676,1.032645]]},{"name":"leg.R","parent":"RootNode","initpos":[-1.764512,12.962575,0.340032],"initquaternion":[0.002386,-0.016181,0.999866,-0.000038],"initscale":[1.0,0.999999,1.0],"offmtx":[[-0.999988,-0.000153,0.00477,-1.764117],[-4.671891815632989e-7,-0.999476,-0.032359,12.966794],[0.004773,-0.032358,0.999464,0.088028]],"boundingbox":[[-1.127653,-0.042688,-1.323914],[1.128567,5.976263,1.516005]]},{"name":"calves.R","parent":"leg.R","initpos":[-0.000002,5.659301,-0.000004],"initquaternion":[0.030756,-2.6511600026424278e-7,-0.000146,0.999526],"initscale":[0.999999,1.0,1.0],"offmtx":[[-0.999988,0.000138,0.004771,-1.766255],[1.8349948049944943e-7,-0.999574,0.029154,7.298559],[0.004774,0.029153,0.999563,-0.361409]],"boundingbox":[[-1.110733,-0.311424,-1.233873],[1.112392,5.493605,1.581115]]},{"name":"foot.R","parent":"calves.R","initpos":[0.000001,6.281533,0.000002],"initquaternion":[-0.717332,-2.7486279918775838e-7,0.003424,0.696722],"initscale":[0.999999,0.999999,1.0],"offmtx":[[-0.999988,-0.004774,-0.0,-1.759585],[0.0,-0.0,-1.0,0.340032],[0.004774,-0.999988,0.0,1.035789]],"boundingbox":[[-1.110435,-1.386033,-0.999672],[1.110593,2.078677,1.032645]]}],"boundingbox":[[-7.034605,-0.000001,-2.380949],[7.034605,28.051624,3.390821]]}